249148
806513
724608
787240
924669
689125
718510
176548
415606
992287
676131
404398
475701
695604
545888
883925
890058
797721
659786
284881
543892
865065
856083
726979
323124
423212
395945
931068
388882
131819
274448
505534
200472
368590
837191
536237
510287
866072
101505
373106
262437
274059
267822
963584
496485
394339
947671
151697
533014
939978
517378
837118
811130
421937
868857
107992
479599
544852
456254
161387
347836
577203
234599
100608
650689
154599
332779
250023
774493
134327
993031
496084
303722
441272
860816
448416
699964
376737
693254
582947
387900
457725
863270
186355
996880
637716
171902
113432
999798
805186
763400
366098
825727
538121
404907
512013
588841
475285
784572
242324
929774
530859
455837
907443
405586
735015
998180
279592
967096
885779
417620
675008
518303
736981
822602
128865
167132
900907
359721
391129
685322
388742
210447
706996
103932
682413
615701
365871
233156
454098
520284
236703
914962
953775
964771
789673
725317
218219
466054
626203
635249
192434
419838
326640
384446
424630
734263
558484
537652
433794
128771
402235
267987
199176
713014
751827
127829
596908
245757
403647
330138
807857
968834
807750
564016
221889
569117
363653
431050
666768
231675
510998
552933
748202
204457
602745
492770
103384
189588
677345
516838
100860
190888
914985
936027
658054
507825
468465
135412
954912
973911
442296
262487
624661
581741
268180
935214
508968
770433
512060
664141
524291
591787
251610
944739
154896
795256
221698
630228
644151
656730
397109
348957
734442
329224
922600
382351
168411
269199
409727
904144
274084
109369
504884
348950
639118
616578
741938
929519
427642
936580
125685
759128
221491
591265
650347
561251
888307
224127
775871
139070
546240
340464
292771
326301
276450
824391
840640
215659
790807
905128
370755
452069
169796
740111
660455
685813
226874
345905
487414
823650
904446
514959
690274
332114
876253
276637
494104
381112
885762
692237
394131
156122
413338
526609
765271
896801
631117
556650
320956
219993
879666
807678
221786
781813
486636
115877
188128
555029
237232
702703
250703
714555
834677
556816
261738
495690
640926
919626
498037
572765
542084
235108
641944
495318
436248
628077
388639
293386
126464
925007
771972
965258
992647
156217
255829
557801
217224
564475
442726
281000
584083
375653
853343
307011
758906
740939
344949
226676
507532
333196
536201
265343
985785
632579
586279
306231
905514
369124
331594
888526
624483
474623
317210
751030
726498
463918
974140
164098
657017
783047
479626
316159
971549
643862
642826
481188
876241
903986
333605
298119
969389
831197
470079
740850
750114
745064
434679
520870
108413
877588
816035
865220
317192
719843
492701
854625
562192
127078
412831
253889
372077
876009
564164
291440
528214
585225
900233
371418
159129
191203
222997
831888
802803
214038
813824
730349
166533
812945
571185
927493
631052
629130
896254
633798
549850
332580
724042
455261
978788
270848
264628
594793
980293
776650
351820
490496
208122
408909
580603
373888
422272
746709
484415
951518
971444
512307
195095
942233
366297
672048
867617
819315
194780
966900
272192
539510
486221
170291
747224
526239
683250
207229
287149
707040
580363
495063
415593
591692
373110
692998
166201
420273
752621
183155
111758
290330
309949
677752
726821
719766
401220
131827
322790
645760
571550
392327
776934
519599
455515
238471
284561
182846
580859
448424
410787
464555
459413
536703
882916
719556
399841
721814
603639
794987
782370
536730
452785
778120
832532
341335
399286
492657
791355
608852
837140
268807
863162
246260
334315
118556
388644
383568
310931
960421
229082
981037
526843
141631
131310
721564
871139
149476
927102
883621
755149
806737
172021
870194
234290
529252
697369
212982
802120
194499
757162
669286
978155
600765
989589
908911
920257
915922
715976
767472
874228
745459
991501
868897
907002
992905
252905
677459
929791
299014
736936
186419
329834
675433
906200
360871
838970
474418
326624
103898
918797
739053
770359
823932
720402
171932
993364
918530
373647
942333
185850
198900
997712
482928
802135
783649
215996
628287
790476
264355
318864
979145
508383
580444
446097
159460
439841
957903
665798
125492
970979
411081
728646
496663
327358
565112
414222
657695
452997
905013
848028
531695
667884
811649
419141
300371
786638
513334
110382
836956
127323
999847
133721
141464
195705
277921
510929
408180
301078
781047
503109
847584
154257
527164
840764
385469
336777
395530
620198
865182
612130
779790
376935
581168
941877
386712
560848
566676
433021
742719
989217
904875
177048
691517
593600
641395
415714
744457
825633
598663
694143
190652
665061
278427
763851
436774
570914
560268
887733
172438
973212
101282
446336
690090
337007
798287
657043
340092
761214
713755
742315
470989
970409
197964
672289
783016
249148
911703
659961
402151
826694
228241
619152
703705
793107
349143
740914
525687
513811
437974
141574
743113
940254
605967
579230
616642
133926
158463
154990
246899
431417
412591
700391
682438
289211
658993
136629
977562
898811
709472
655034
182321
203069
296435
453009
423515
825334
373619
468035
371561
255709
227804
816165
723377
914471
246033
537027
404855
249437
220542
165612
532533
793409
609362
659239
844988
687301
260863
737775
288464
198248
771755
112306
306971
252205
205474
663090
970219
611270
259255
279970
327685
500642
936128
720683
578319
476305
324631
809208
617898
490887
778579
431682
769674
153781
678864
964107
587545
355971
862453
597626
249488
888255
820930
926154
498028
604207
569782
558018
114716
932016
735157
483890
626349
757915
286431
109562
201037
214560
982209
345191
731154
802768
423587
922092
421411
491985
391881
467832
934950
635591
746969
664413
517479
115871
376138
522109
482875
346538
279170
321007
734961
776169
285479
431207
306538
167552
335228
937246
795437
665135
189029
567404
857616
447499
702558
727791
715799
280796
631912
156056
853423
621826
503160
293938
858509
454348
480092
701419
276508
604340
733287
253138
428552
306930
411802
531789
227049
306611
913802
845047
696683
164111
395026
619462
509978
845298
822729
491289
390819
108856
719781
440475
216860
920019
466758
437110
277950
264579
180846
460257
788480
102259
990323
605777
801697
949662
981755
669461
564760
894738
144471
813162
270008
866137
889693
426492
978125
910077
810454
886891
331524
703986
220921
968950
337016
553365
653567
813752
391226
237678
463267
639613
162560
101036
124802
108998
755444
990534
820973
357263
397403
685634
755820
586729
116007
173553
542390
615693
589924
897434
693883
362257
145164
505607
628631
495070
859533
579460
374922
738432
599356
390669
778029
520084
878340
538192
169336
794941
519030
694150
270471
709141
344617
