100
1 62 13 54 4
2 84 24 78 5
3 25 52 75 1
4 68 15 55 2
5 63 18 48 2
6 67 52 29 5
7 13 53 48 3
8 22 21 31 1
9 75 90 68 4
10 82 77 85 4
11 15 89 95 5
12 62 63 36 5
13 32 15 45 4
14 50 88 58 5
15 37 98 83 2
16 61 35 60 3
17 53 60 91 1
18 38 30 24 3
19 98 97 58 3
20 91 49 84 1
21 87 54 52 2
22 85 47 83 2
23 60 99 80 2
24 94 93 55 4
25 90 80 24 4
26 63 47 92 4
27 42 43 20 2
28 58 48 23 3
29 60 30 42 4
30 53 63 44 1
31 48 47 8 5
32 40 94 72 2
33 64 63 90 5
34 98 66 63 5
35 35 48 53 2
36 54 69 67 5
37 75 99 55 1
38 45 78 52 5
39 73 38 61 4
40 28 59 74 2
41 17 22 12 3
42 85 30 96 3
43 75 55 85 2
44 53 80 61 4
45 29 13 32 4
46 76 48 98 5
47 100 69 66 1
48 98 50 62 2
49 8 41 47 5
50 77 46 57 2
51 44 30 48 1
52 34 7 28 2
53 51 66 58 4
54 73 42 51 5
55 45 85 77 2
56 45 52 92 4
57 92 88 83 1
58 96 70 99 5
59 27 83 63 5
60 97 62 49 1
61 83 98 24 2
62 15 64 69 1
63 79 83 5 3
64 80 77 98 2
65 100 86 90 2
66 27 46 35 4
67 76 80 65 3
68 57 7 59 2
69 90 62 42 5
70 55 43 35 1
71 92 39 89 4
72 46 50 59 4
73 71 17 80 4
74 46 86 89 1
75 60 85 97 1
76 44 99 93 2
77 41 49 40 1
78 63 82 59 2
79 68 100 93 1
80 28 87 89 4
81 38 29 50 1
82 57 65 22 5
83 64 98 86 5
84 74 100 50 1
85 73 18 87 1
86 81 26 59 4
87 48 53 12 2
88 61 65 98 1
89 75 100 87 1
90 92 30 76 5
91 74 63 39 4
92 29 25 38 3
93 97 100 30 2
94 21 15 34 4
95 86 51 44 5
96 21 64 53 4
97 68 60 34 3
98 37 81 87 1
99 58 57 86 2
100 80 81 17 1
